0.4914574761965062
1.4955941520346427
0.4386312185262706
-0.1176936869837157
-1.3448531073108665
0.5076030510966377
0.4857526889773868
-0.28047179984285353
-1.4623156841245606
-0.5755668504699452
1.3194872977540113
2.19689266119982
1.4937622997812536
-0.7140944132173133
1.5476023589800814
-0.1563762299496955
0.8528104664074998
1.845051633248325
0.41821177344010096
-0.47559992307676646
-0.8601058228782994
-0.2545896603155276
-0.17575024336383066
-1.004579868226784
-1.3592832977003046
-0.25192287287595294
-1.7196515700966635
-0.8981713906534392
-0.675097762031923
0.904260832422697
-0.7014609426368283
-1.287710706901801
0.7420759688722863
-0.2606438282852107
1.354596095324631
-0.7525663910274714
-1.669507621653525
1.236306024133525
-0.16150200623160052
1.2887932641240487
0.742379666775416
-0.0548114806050069
0.20402664956992883
0.19440904169051573
-1.1174851891257436
0.7304305324238035
-0.8121097190763316
-2.367533282594229
1.6173680972676399
1.8475601663972137
-1.2392543461075205
-1.105113725042548
1.258212748871142
0.5041440151949825
-0.50295220766742
-1.3300595739091303
-0.08735742424844459
-0.8410180304938831
-0.8795636114665896
-1.5973344470629525
-0.6808743490658316
0.014735802297804489
-0.2050766776770494
0.26148418641890453
-1.8389497865118876
-0.9694267234049956
-0.23756563185204677
-1.1392459039005158
0.066183349773722
-0.5346458185954732
0.4332301770000007
1.583605448282419
0.16265904477854803
0.3229649138191333
2.0370140506114987
0.24509814644631434
1.6057377225670497
1.1108010786653084
0.08679640633561492
1.9064420348459759
-1.911466950559742
-0.04061109417189534
0.18071237718030067
1.1253695886595947
-0.8411642590532877
0.641288821309427
1.6921643613341775
0.7558650595829423
0.5799134400830632
1.7315279682075788
-1.8769860243331211
0.6791840590064095
1.1948611989807483
-1.0076475863289682
0.14212071606590035
-2.041156425005339
-2.2465049146814406
-0.8739724602516159
-0.2308769930963629
0.012218165438361236
-0.9574517827343969
-0.737943920650111
-1.0663623712538437
-0.32943964280182936
0.42778788434288817
-0.3013955429038989
-0.5766569260364781
0.5975001914233403
-1.7329025367953341
-1.2463326326035975
-1.3212342673979902
1.151996701029072
-0.07775727673884274
0.26362309706540676
0.8941182347554953
-0.2922976757769507
0.7811656104174457
1.717664126915571
-2.1177485025297718
-0.5248094622813887
1.0846376149220245
0.6009265957969365
0.5934842321458828
0.03594911606983313
1.409026897238211
1.6205778236700064
-0.22269473555302566
-0.9183355524584005
1.5290402861622552
0.6935546472248756
-1.307531366723081
-1.1677920144858203
-0.5593356992266544
0.9400972811279849
-0.8049522095239199
-0.9483880068453496
-0.5483468080575524
1.6441430761905307
0.052419017935023474
1.2450048395478386
0.3221921850148307
-0.251104346016772
-0.9310559509939162
-0.03936034263788621
0.3560304663202306
-1.0899346316277327
-0.6608460951514225
0.17545853955025362
-0.5325864598453208
1.1547307678210597
1.4951941672251619
-0.06917278707668746
-0.5655884483986775
-0.12949718890800127
0.12849973030418912
0.5507666304187837
-1.8666869313072305
-2.6852126714670237
0.5619677125020452
-0.3250644803942719
0.9812639578254585
0.33932320496546275
0.7322077864151554
0.3187678268822128
-0.05285437856897077
0.43980335607999127
-0.18237479376722404
-0.7978067227694221
-0.938684535621942
0.7037955097286206
0.013534078642896413
-0.2022102408892457
0.6886158332797474
1.2970671569581085
0.4346361134025865
-1.1632662820060746
-0.8309769513190206
-0.7846276342380908
0.07743028883650936
0.8856980318838639
1.262716438170356
0.18555467957735347
0.20717616424296975
-1.2094072573739185
-1.4939944264728005
-0.4230771673735802
-0.8365034495714262
1.1932168697644323
0.4348524912842699
-0.09368829723273038
2.839784603498327
-0.6489624954169548
0.9177964251066294
-1.3899923615540457
0.08441045004924276
-0.4282121087206501
-1.4817759198037508
-1.307998065692122
0.6738070831164045
1.679329129858102
-0.2807684147709226
-0.5886904110174892
0.05095842871460912
1.0599113810901881
-0.21611508589816797
-0.7364801458560876
1.6748771452975704
0.10071762970286742
-0.3837762196321228
0.7360817920346681
-0.39281203451833757
-0.5566911925069686
-0.19146967904906742
1.1436664913046408
0.9367594510423152
0.7418249428461574
-0.89249809702317
0.13366452554643438
-0.6892178973126898
0.32036615070406577
-0.5848997923937392
-0.5640478743494025
0.24965454756977556
-0.9128358681061756
1.4659676556671
-0.7251547157675342
0.68782266051911
-1.4700173522442306
1.0813317347228815
-0.8046406473767912
-0.22751559900016588
0.5990958468281512
-0.9720328147427769
1.3890999870011838
-1.393129041053147
0.9959901388248016
0.028632648817619816
-1.0772572527815476
-0.12415866544180715
-0.33452031211726146
-0.05335720596216988
-1.1611697382235309
-0.7681049587172316
0.43397802826231374
0.0734079665596275
0.3335032109712177
-0.829893729869157
1.4120046697942124
0.07047391212943431
-0.7275522030466461
-0.44326543580823363
1.2997077769063727
-2.1901970719840738
-0.37879325070036424
-0.5333139010175082
0.43078861011224995
0.4489030676800879
0.2974147577605864
1.0981025302965468
-0.24287789277600075
0.5095443177638451
0.21914621468322892
0.7162397880283551
-0.49738951567661804
0.16316434649089467
-1.2015112222805313
-0.36405347420693973
0.7036386719839908
-0.2489727738163467
2.2049223734390715
-0.510728809284382
0.3394268736916887
-0.14242857867002315
-1.0195177902927046
0.49674217533196724
0.9537759934782172
-0.21383077175999213
-0.02791586877327265
-0.7713551433785757
1.5872419367193842
0.11175418879705519
-0.29503288367442587
0.5215500626015873
-0.4746453413131265
-0.7258527971819224
-0.1227780054229388
0.15351673972369503
-0.4382420611995921
-0.06805342012715082
0.05645424363182448
1.532655034118857
1.9607075177421864
1.1584326282158268
-0.6198963433538633
0.8317797654493178
0.7732428803412746
-2.0009196664326128
0.07882430211322054
-0.27660258733835186
1.1032711641743955
-0.7950307555091461
-0.6603475561151819
0.7963829793262981
-0.06286157841876444
0.8859178739836102
-1.4294775132944328
1.0403469310134759
-0.6189057145268909
2.2247126159516633
-0.22319031032079356
-0.23740079607304834
-0.46927461825017863
-0.02560728469973799
-0.20173513864198994
-0.3559982592211713
-1.009647522754892
0.5766335971373877
-0.5901122502968786
-0.04564902209512684
0.1379431991500739
1.3699956883832485
0.4772408717230238
0.8234262754514031
0.17358912153275505
-2.386710307611355
-1.2112551381660086
-1.1889836702458454
0.07917441786894121
-1.4774668765865746
1.4150130887337897
-0.18782641108686385
0.07890152953354079
-0.46756909770233285
-0.3974626622062776
1.222939732870023
-0.005327159440004559
1.343089593125605
0.03835858313418625
-1.0918321134738027
-0.542407222146894
-1.2845160335690808
-0.5469195063907905
0.35557343613088926
1.1971246678319765
0.6115427561464132
-0.999907588881515
-0.8618087781650695
-1.4947173476070266
0.5601330029864036
-0.26650744772673524
-1.075246654557724
0.9556533478466079
0.6557270750036857
0.0026094934348777506
-0.5344682879996538
0.05952346800951409
0.5429473242312521
1.0421040587050558
0.20341152988151995
0.4398054725808169
0.2862558617049643
-1.4908920911604508
-1.8621961677487144
-0.7714916891488814
0.9124307741842221
-0.40572798873245214
1.1806103027190853
0.21883372698577283
-0.7359060876142887
-0.9760945540014496
-0.9981155700506034
-1.2715295625601162
0.5978603734641351
0.28194128124111645
-0.30969299326422195
0.19885961967374677
0.4592067648923463
-0.204639935423095
-0.7572527109210978
-0.1454308097100954
1.8907262400348668
0.3579071834078638
-1.5049912524245752
0.3640963103013292
0.0180189317033188
1.7710524121094762
-0.6332610088563239
-0.9101174637299606
-0.1881873075252051
-0.7075796677532926
0.3482908111742717
-1.091538927165336
0.43656247737828296
0.4322667608031126
-0.9798712303617484
0.3336693140974982
-0.08201931309541463
0.6377963578513366
0.20678948620675883
-0.1093464001536904
-1.1512684309246621
-0.7465500184071971
0.5981924002701956
1.044966153909838
0.46928449907582676
-0.35808232397315426
2.2385326285915412
0.8559839723037967
-0.9202798055351317
0.10509581602923723
-0.11175622553128946
-0.3126133684750396
1.422977979998736
-0.6112259372257971
0.13532613596683044
-1.0749395321430772
2.1141951639011602
-0.8548237061030987
0.7317849947066888
0.33895371213494385
1.3615316634364083
0.4459639784451211
-0.22514196164971734
-0.6023112692396861
-0.6206262918950286
0.3571389594151253
0.7444963566094184
-0.4858793806167504
-0.21154288682958378
0.14742482800656057
0.15257363974156857
-0.6380375348839409
1.0652939273198763
-1.4603949913453236
1.3228132078875718
-0.4618236838580792
-0.08196024387563677
0.7716661579623125
0.3119002079106446
1.956025687415375
1.1093151854878542
0.5617873536136092
0.03369823115870596
1.408431161957415
-0.8167686161501923
-0.6257058683970659
-0.9897914603223702
-1.676054390828522
0.5464606316812552
-0.7842547865088494
0.8899219894050573
-2.0119308150024895
-0.07091566445750393
-0.08609796727612379
-0.5528590839576253
0.6181220912307757
0.09745013460296063
-1.147382266195804
0.13958442757247416
-1.3984006233008863
0.10407888335188263
0.09469000893389576
-1.1919668744937093
1.6406956678567193
-1.5343131833362427
1.4608871411495172
-0.26086294004252847
-0.8216898469807415
-0.25950732572429513
-1.067386022256482
0.48040199478133305
0.12709757656221393
0.21749588533782008
2.0360969025864994
1.5521294272635315
0.21248236187217978
0.5633235533695182
1.4322226403580822
-0.35650946669452915
-1.3786490376090643
1.2754126683521312
-0.47452688685347016
0.38607142390248744
-0.8664263682056186
-0.3389785687848172
0.32066092838905386
0.7421771137127586
0.5050031331958013
0.4008514787813517
0.03302303734666325
-1.2761088017625835
-0.7494261010953819
-1.3017065496833724
-1.5156051536805402
0.9113201947628432
-0.8401368439702046
-1.1160792247889681
2.240935362744933
-0.6174804209044706
0.11468082859688906
0.14143335932096254
-2.1828145879823517
0.2606484058196969
-0.07416005729127097
-2.3455882197561264
1.1121867340385263
-0.2410276257915138
-0.25382378616142526
-0.16589320202744656
1.020315113811869
-0.10109643206049741
0.9916290056001027
-0.40263329478326565
0.09493399601117214
-0.032498737921426796
-0.23382422320758317
1.3897135785842178
0.5354044475188255
0.2725803403928631
0.6010305228723801
0.19979162977029574
0.40500842591897857
-1.253443196952654
-0.023705806728819317
0.61470590056346
1.271092832170027
-0.39667951403743956
0.6095155921923696
-1.1661097018775124
-0.7154862383928812
0.4493343979327773
0.15193539391468935
0.13454324392964062
0.5823564429026872
0.5617746945749262
0.5797241864447894
-1.189009480783405
1.8947232452102007
1.21336699320025
-0.1604224969238561
0.6952088760335438
0.3226991596298794
-0.7938676928983295
1.8270025685724645
-0.7093793060264876
0.9521638328183275
0.06485494988155809
0.5942534571920709
2.217614369856749
-1.5231910213269475
0.033825457792546906
-0.1520824402983631
1.5865296047897963
0.8589483713437358
-0.09296324317706892
-0.4413831085113203
0.621044648763628
-1.673493031980728
0.8703131752870571
-0.6483279628906794
-0.3258477643912467
0.5016524502017835
0.5957414806896114
0.36377193169654115
0.019773049825323376
-1.0286606008734964
-0.5385485654923433
0.5253160990891638
-1.2767760962981993
-2.1651728682871596
-0.7333465353722974
-0.18292539847026265
-0.36641371392717303
0.3197232504971745
-0.1430038483345084
0.20103751171166437
0.8665319522548943
-0.5721993774075379
-1.230561959610261
-0.9683419090280789
1.101369243590579
-0.3995537840648189
-1.5390911071823479
0.5611544312072207
2.1431803604538717
0.266407540612364
0.4336774499535508
-0.5828753012038959
-0.12081934262404427
-2.346829390540176
-0.6613063921921047
-0.6724830822113754
-0.8292404411394078
-0.7275524186547739
-1.913932576082947
-0.5464261785022724
0.10939107321031183
-2.1424186083888763
-0.8137303416452751
0.9977712294490492
0.3122546806908873
0.3374567479098359
0.3582479455308867
0.8968159557698812
-1.5249234259073026
2.0987148778023275
-0.5994877612537007
0.6267921262247647
-1.810163374119055
1.285600391068835
0.9336008796709752
0.5163983421595839
0.14115820175342636
0.05436301918728702
-0.07384194362929036
-1.080603518814635
0.9421952071744709
-1.3188939422982466
-0.14858886227135243
0.7793635619886937
-0.36895492705938254
0.6147020627828009
-1.1335888286196638
0.3430433577786958
-0.6543140164384317
-1.1631961536642172
0.3860890855653387
-0.7643378133153249
0.7895308032533795
0.376907680189076
-1.099643378250078
-0.5752260187386202
1.6723384668900207
-0.030979834103360047
0.2765725542378714
-0.43608388006446996
1.930599891219655
-1.362455414523959
-0.06755082281710088
-0.2910243267004982
-0.09783380074265137
0.5733473653500497
-0.42852409717544243
0.8694467692005176
-0.8824275946357599
-0.3360683600544683
-0.5196303642934813
-0.577497830864041
1.7783270946828722
1.4312618803513635
0.3620353054227068
0.3515158025314361
0.9689378361707736
0.11028873970682104
0.3498014484117721
0.31809739991925134
-1.0229022761311557
-0.19648624606410905
1.6859531075314975
-0.17292328552716366
0.37009715057516296
0.890861627420325
-1.6824178376083045
0.7477752443340846
0.556622483162961
-0.7454375589389416
0.08402474290106966
0.11289738796518474
-0.9820053986239992
-0.18634865463203232
1.6448843856858664
-0.8084386588846366
1.5076109724173625
-0.6886393396481616
2.4306777984724888
-0.24758159011404474
-0.010734349002334229
0.24308045622002494
1.884646368681099
-1.1251091004941736
1.200597308808233
0.013794606482132338
0.7694627482016366
0.5182327516839526
-0.8808358881589574
1.5299152997334322
0.12049800296508573
-1.2015223183405646
1.1388805387548229
-1.326352463003603
1.0848533028269562
-0.7892854188545859
-0.49940598754591886
1.6631595966924015
-0.38092403390507423
2.2964572799585983
1.5051388078551224
1.0090708186160333
0.505272255606968
1.4790772279169515
2.1137292143111757
1.726174713223745
-0.6259937771578328
-0.07096802083424658
0.07844809340067482
1.4614239597118526
-0.35261091047149884
0.04479681665482758
1.2700147241829982
0.16056817879262722
-1.418681311550473
1.9619774154364844
0.08133539169472997
-0.4033433864132066
-0.42758551678107465
0.16616364435989767
0.1890033480152942
-1.0951385131715474
0.11633197744682151
0.13483447121798553
0.8793788424461327
0.37621536662852373
-0.8039501983340335
-0.00048282255296630463
-0.19246553209636874
-0.32564879981016837
0.8226664424851301
-0.8910656277168799
0.04821849671608465
0.27622222758381276
-1.1747966697374317
-0.5000106243128974
1.0709816088353543
-0.45336971109098917
-0.613163838520159
-1.2102265808370483
0.08075295711114251
0.5277370953444172
-1.8635898240779933
1.1019933511403568
-0.49269746465476905
1.1693025381462567
-1.0767336820914473
-0.03322842175181833
1.1244407612160123
0.14568098794540485
-0.1507374345349164
-1.366205761118466
1.4100265761811106
0.9185923476644368
-0.860160532149603
-0.4831959884332208
1.7284513690558034
0.3508778473290281
0.6568308036380417
-2.0870811891743895
-0.9127828964164277
0.2577176600111662
2.3783930227613133
-1.905168775733167
-1.4168134411956006
0.43972702654392953
-0.7856303702877057
0.9859742570653662
0.08283964217631701
-0.7343608565429597
-0.035344015718372944
0.029364344268890268
-1.4451292092147021
-1.102438769109907
-0.5184692769881241
1.070864911574711
-1.4918407968095238
0.3452151574611218
-1.1517424868873785
0.4404016320602515
0.37374082834406736
-0.8442542719648422
0.47980510914594066
-0.6808766823097718
-0.7045197062733943
-1.440701261943837
0.6708995113238848
-0.7140123657769958
-0.3152825730609407
0.9478707590655338
-0.7785481587911879
-0.2692564508808929
1.4470840889191265
0.1957907643071897
-0.6418911380629722
-1.6405301359005477
0.4290129946277634
-0.7048212154334067
-1.8501089452669952
0.5090770900935266
-1.5439585391308537
-1.4359875121209351
-0.38654829982499117
-1.031842819148774
0.612631078687785
0.670943061275103
1.029112393343016
-1.0982066805762805
-0.8412448686413931
-0.7100146434747314
0.7576740924112237
1.0632143673425878
-0.7096250141072674
-0.6684559458766182
-0.7816589029731285
1.437215655972478
-1.2071955120347904
0.47044501604380573
1.5171850624582586
0.6642303900332077
0.2509167692673592
-0.3678283105138238
-0.4847640625848109
-0.3544188238724739
-1.7737860171390651
-0.7466311482650271
-0.26709222770316887
1.1112645431950154
1.6275669357919118
-2.1571721816969998
-1.44052482087115
-1.6424483520156752
2.440526045378104
-1.2889890249443208
-0.46054972152343365
-1.521049112608208
-0.7056977147342528
0.26151255619269764
2.6969811244992696
1.235647792254867
-0.28106935062968064
-2.6371136894571423
0.19143494145039988
2.043909630457083
-1.9795525170881223
1.1839757539339069
0.046939851129528525
-0.884315642594145
-0.6997754397697658
-0.32619461811219896
-0.5951754492358065
-0.539382263441143
-1.096551257775486
-0.36575991501259536
0.4068071624226387
0.8783801425208725
-1.500434596507659
-0.8048139571400179
-0.15097375922939296
1.232679890793056
-0.414831144896507
-0.755150103863557
-1.6151282811974805
-0.5237905674428069
0.31751888490844693
-1.8006832946664812
-0.8880712927505865
0.790384754690706
1.07163299177512
-0.04052280722700807
-0.36099639218130625
0.10656449808284264
0.6746535531450114
1.1031163045937227
1.9119626489450134
-0.20676513668478186
1.2703454330466437
-1.5025644644978768
0.8822852563129782
-0.24221068175104063
-0.6127055398884105
0.16681023391928573
0.44645238708634377
0.36123279095847044
-0.2005050516510854
0.1968877149872293
2.243297574206079
-0.01059402240025442
-0.43938291786293493
0.027768275622845732
-1.3543519179462822
1.0973640488422363
-0.5031759415180284
0.6335074295608963
-0.13154203075224657
-0.0672575486730525
-0.1565955264792795
-2.2972053217491184
0.5049798773513512
-0.2329800593298222
1.1012599771431688
-0.6446356328766675
0.5317492836188985
0.8121350211716554
0.09398809261116378
-0.01658648685185265
-1.0402785941652297
-0.6465512865619577
-0.9822361317841571
-0.2928445279018301
-0.8748895567173465
0.8963595217534585
-0.434751505303276
0.022161038112258107
0.4692508450918356
0.1374523248187534
0.35607476545951894
-0.8031277019082455
-0.9288841823944258
-1.9521430536749862
0.25974677353621684
0.22531043788916585
2.160801537190539
-0.15377532777707761
-0.27143552449305347
-0.987383555592327
-0.6345509879462466
0.6200708862423739
-0.40305414502705583
1.6393679887996297
1.2653541149594834
0.4450028458949864
-0.45047911611987196
0.3832563818238363
-0.24663747013667653
0.9775283076937694
0.05054322628567387
-0.31224509383244803
-0.24966125576022902
1.192345606901836
0.02289578795732717
0.9122735200361713
-0.030128615971055317
0.1260073342320368
0.43656710132528986
-0.3136851442992079
-0.10157240146715533
0.538262633439837
0.09330394788073645
-1.286002098511199
0.8312216227721548
-0.5096738390987503
-0.5805426488799553
-0.02218646606219384
-2.0619733630733474
0.6163113401018016
-0.9004981192886601
2.5197071497049914
-0.2666671666103658
0.8482873307181754
-0.31733746298029386
0.3316341752848697
0.7357584675455419
0.925955108704052
-0.5313441979013721
2.726543916297217
0.6315752745194751
0.511010771929487
-1.5293729999123296
-0.6735076667796858
0.4887340146173738
-0.39309377322929634
0.5506249314443833
0.26020433460962383
-0.9674161193364224
-0.7342198461611235
-0.990081251335759
1.4969373340941263
-0.21233094940010042
0.28199579357530224
1.770116224501689
-0.6159714496941564
0.9728637876129803
1.64203464353307
-0.10886661895558165
-1.3555646579976641
0.07237744398655167
-2.553183282133936
-1.0190357526123737
-0.05179301500047905
1.0632568158379385
-0.09088422042793652
0.20719341260715007
-0.8650883046350575
-0.2115554576176557
0.9825120369760553
-0.22518408092219777
0.8211631605990916
-0.6787716353183799
1.0463917676715273
-1.5735117954002604
-0.45419152234171134
1.266608907018905
-1.0077592144224905
