3.0090449777491237
6.284950997179218
3.9995965057920135
3.4456445178432182
9.138465327699087
2.453955731787097
3.2917038486672037
11.84052429992104
10.752511243370831
4.422536765513684
1.2055573140973432
6.8338932505726655
6.422380269966478
0.25383277590409753
12.75300897539373
8.139575503166261
2.811949987107678
6.240578778817982
13.296616465115742
4.380073764144348
2.5866967945179202
4.346621597399899
18.860422683909285
5.173003316658907
4.244344145901262
3.9554086967588944
7.766968794443243
6.248667159341781
6.143879861324219
6.474324045954569
4.171515579944315
2.9369247647496315
2.852841846996652
4.145661554506812
8.888732666916008
1.0236331750088967
8.370842324705228
13.003887047846627
5.558734055059848
4.475146852714323
4.254098182101716
1.710265457495199
2.1822380623950313
3.9247204247941716
0.8913669328624506
6.756393343670513
5.078216102013654
5.28186127176156
2.683265129615258
4.8512895584159885
3.3700031823269985
5.755395397592165
6.417739257868242
2.4060350799926047
2.1322322996836003
1.8023103970680419
6.2079497378311
6.416956924466889
2.430272188479697
0.7014596610180819
6.97419725565525
9.784923071603332
4.95114443576888
3.9736993022948814
4.795162517470468
4.258806071852567
5.175885716874748
5.562501062228786
1.1292019119254455
13.264345567301994
1.9176179923392542
2.8505691805532973
3.974926123267016
4.566581014239785
3.2424496375141474
7.4664595557471305
9.829356777559571
5.857724409549019
5.569922866804694
2.376614435946192
1.7752270053500274
1.3307692507313769
0.7532634068913826
5.671487170612065
3.534862664572554
4.6995556643055
3.662438904001365
4.472211960222524
2.9017749153303756
5.7767040323640995
9.9135832210128
4.3759819747505215
3.9023217320268446
6.966645883785448
12.706807545091424
0.17358574065852175
5.730872257948607
5.80202022952861
3.472562236604231
5.062651457619943
1.1479437342589252
4.161313707679048
5.11625893489064
2.8416155077528833
3.557514189766237
1.5806813314542778
7.707179900001356
3.4863289591766553
6.016083508873117
7.116812850681684
8.727082660654414
3.8419451125833826
9.43415239664081
6.394673120369566
2.2239297003646237
3.183065960915955
8.561423305977867
4.954221151490912
3.5934783834596993
3.3341436728797103
5.897433211342964
6.5177658405473675
1.1399296464998314
5.932464894653034
2.6959640298308263
3.692539021601605
6.048591037597186
3.9246191541932323
6.029039235604286
0.8516052026823365
4.891723380618313
4.595910514289559
15.097990380834274
3.7850989517533558
13.092088991420507
6.864525673784778
8.693302276789977
5.020489377985799
7.955683375243002
2.677606045407599
10.789362281019638
1.426241358135453
1.8162978177205285
6.556042588018946
7.251265941464316
5.296981291084289
7.77587040186307
2.8102773317631513
6.355220363003929
3.992322119797726
2.2708554082470926
3.5349990439712133
9.310369481526829
7.4840932346066955
2.449182401099848
3.919422247370811
2.5298405448499732
4.497995880373045
4.175400417620692
4.642796607344246
6.3337906133312165
8.050123901214459
4.678994009510371
2.223874405518676
3.440226500468185
1.9666233763616179
5.2205410959055065
8.34750146936571
2.7575682973340205
4.031999725796751
2.3793523002663997
4.358799308880692
4.2507116946067125
0.9503857448772359
1.2785417519716744
6.748214009628588
11.609759183767034
4.057715349092877
3.8684860790818663
4.549906629965634
2.6668797245540032
3.710172164514214
4.12261678721643
4.232410538678824
3.8562503584846017
1.2622608455938844
1.0863312731637422
5.134861419068103
1.2145079959005083
3.858304109212012
3.336925247402715
4.562725231177663
1.9575885377634623
5.559957947484087
2.0333418353445025
2.2910525079752824
0.5822256792120145
4.339954058614528
1.7819834285624074
9.555803392259152
1.9090383008633451
1.2097950497130932
10.1464949239767
6.2806340049114
2.1685870378634435
2.1219225155479955
1.7843602482624379
6.811041637524864
3.477289333209373
5.193703444114262
5.289672073601039
9.832762891367437
4.283921393637283
11.035954611218346
4.9705855443000955
9.822956175840122
5.520504504127576
3.8351193433502186
9.456275877871017
4.221608250096683
3.630826965998878
3.3262331696929195
0.7700084596971236
4.592609066553551
5.017389880059848
2.546325630098156
4.868539614652165
3.6974988162425557
5.078814333674219
7.059998230761826
0.4740740035703654
1.4795736444662877
8.789039105099771
9.336238524903555
7.916928777085115
2.3950387946353513
8.67233993684436
1.0119569080634445
11.16527205416494
10.974859153600633
6.2306034068113885
2.5661364552805064
3.3056497683171298
3.931509272580256
3.718657087822782
2.560737170264103
1.009090800922405
5.351723371093463
4.407560455071815
7.9854979365274605
4.935010270794724
1.133778413948323
6.490439530994495
3.886167452684111
1.9054493270554216
7.654732275442705
14.502935178018669
3.148081103469722
2.6414459753380397
3.7616270111044865
1.3214942653200423
9.240197961962968
3.8890908983473405
1.8154052253495079
4.279358179581574
9.549980106123787
8.03643935531886
6.831766444779143
4.181710171555559
0.8695483608610821
3.8784870739585493
11.091872311786892
8.578160402883558
2.6477515904540314
5.639074592465147
1.5598952133599002
0.5775892736978167
1.0917306530574986
3.1000326747873763
4.318128581850064
4.57008607710707
3.299532946383827
4.51293191192762
1.6356268776014447
10.81635242430308
2.0148701960508375
1.88933695781826
6.130135555390181
2.2320311770640506
0.5826266629673024
1.8984811213937938
2.620214145735317
2.09319980911286
1.4680803801653168
6.258714660003617
2.6986309963853623
3.1100559294281944
6.569032223389089
4.523599371377686
3.155696529631296
5.834600348921605
0.5978755459336669
3.4489730796746025
5.518871580920888
2.8686831182887005
3.609755595547399
8.511372238868551
5.2336198658709066
5.606513744582761
2.134635787061046
16.13018488341302
3.852624275644143
1.450992276952784
6.302415822228857
3.6389148623765264
4.285296707435187
1.1463866953494801
1.9783034559592587
5.680146581113184
4.142133890294625
1.7865435157493939
6.683799632681498
6.225702890293053
9.03627422244626
4.892163397484883
0.9054067810887596
4.902598618641074
3.6758253524697384
8.941044337329028
2.205213708847675
4.882289195608107
3.437315000491542
4.46070509818441
2.285610750163198
6.574216137279052
3.2459990457582304
3.502837021414846
5.382587424236301
8.241252970495658
3.8174607001670093
3.6383810896820576
3.33173450466364
8.275246364821971
3.615239754962521
5.966591109454363
8.277264792023118
1.3871706787548959
3.060622911949802
4.916180326866559
5.617010439295446
5.758928657874476
2.1573878215025672
3.056451865578343
0.6475408264409576
4.972599185006656
3.8620891932602373
0.7147764042354999
9.061536718008956
8.397179354217196
7.420157673633521
8.79580686168865
3.469655858403418
9.522585582007281
3.612060301620677
4.261536692536005
3.8822036788582235
1.0951136843966682
11.463277533780232
5.189632634729152
4.0485367801096785
2.2819895189398522
10.453749632569957
3.4430144333844073
4.285801621819527
3.1126694289777754
7.023996757681796
7.043653550479664
6.682340525134989
4.640144917152056
4.913171214711198
9.891590795273265
2.758643846885076
2.060505194885031
1.9219601170340708
10.430481205668418
4.343610889475708
17.607521474394154
2.4887022715546765
3.5958664294469136
1.968567194802149
2.5212923562397616
3.8886930065197296
1.1196525559777875
5.826234086330073
3.202084565865702
5.389289164272824
5.545852878821917
7.157504831281166
9.194597755037872
0.8412601377029467
6.0782300938653355
1.990513845336767
4.70071834914139
7.638538780234151
4.119066477480481
3.863552873032523
1.5896662439695752
8.509012049117084
1.6322696585421448
5.27066400232135
1.773358184914749
2.9591869642558377
4.942582644053421
10.900451985069816
10.175180952402183
3.191788635290189
3.0275499445933565
3.578503023134781
5.1524706361688075
3.8942395568676256
4.32045415292916
7.1230545506517915
1.814140249676017
0.6625306620253931
4.083818377971634
4.258017736695102
7.471704002545998
2.6523217399773573
4.397247933248716
2.243875239405502
8.83753380410415
5.524773975496197
7.542752216389733
2.202255749548201
2.3276274894554185
4.9938360091854035
7.146741259600128
9.42394005735792
4.782747019807304
1.258422708156436
3.319353555789711
1.705773274258462
4.2054032495177625
4.635224356685807
6.327342711768534
4.254293760250344
4.939381822745834
5.928500365326501
0.8688990525332213
2.4633332234480885
9.175061518942945
7.98410545510287
4.93003800964798
6.515528847485078
2.6352630362959553
8.966796614220629
5.149265482971736
6.748916684060804
2.8281800741905183
3.917504253697647
5.018570928467483
6.337060692829506
2.9121904986595757
6.553975156951628
3.567949773360553
3.827369209558287
8.64270802348317
3.99281212343588
10.630729615956259
5.7546498141245515
2.296890432896463
2.34294493896296
8.261681241004128
5.078364694169366
6.7223724827535705
9.497413324742135
3.9030310625804114
7.435481429991259
9.129428211048724
3.109054943216955
7.393235727805712
4.128995066846909
1.9931806829839163
8.374887620815867
1.7379124685075802
3.838462361988767
2.6076970778935418
7.057579487525144
5.055315853025575
3.370715278273343
2.4433418464382752
6.32443596572763
2.642558825815359
2.7784666401716964
5.666045630300922
3.612552748677051
5.955568806263058
6.315736739137271
0.5423270055909692
6.182443726170423
2.5846091535597475
3.280388571117934
1.685161399362544
7.132833296110576
5.206571901340545
6.444897929652027
8.103234642421452
2.1284748549317736
4.110749151557351
3.9944866317506147
8.951925392627643
3.5752753627872504
1.5254875035576094
1.7612636365452912
8.782476132053825
7.47734634169154
1.6253394865958393
7.014368198583704
12.754990628218549
3.646241812859164
9.589317285179979
1.3026892678106328
11.213522645148918
4.442889111657346
4.692659273757597
2.930113512253264
2.722879215503353
10.02381167903831
3.378894703022469
2.561128391587489
7.58862251314284
2.408692723913261
1.7111835446478754
2.6496799322479414
2.7368054789238205
1.8983396645455812
4.722773247406605
5.8765190828973415
4.439943607874349
5.435555581501276
4.296806227246191
7.867543612035099
3.1013324172823196
3.316862030765663
1.6730942881191182
10.201598561036992
5.433490277415019
2.4806378035310206
3.9921658014612365
6.281966336472855
1.0304253903700353
3.7010291314507144
6.5253346785418485
2.0701443438940594
9.25805079479706
5.866215932015543
2.072149069560101
4.876008611560465
3.678652677280757
4.176248553445349
2.93021105920317
2.1054538040748145
4.7451949193524605
4.1548149651841495
5.520510861483994
4.275650968604655
11.93338206198574
5.528380988103408
2.6605017209775093
1.590925845334271
3.6429447018175813
1.1003563677954626
1.17037118763875
1.9830450832501023
5.065164095951571
5.367802666935255
3.5258919195072105
9.679142963879237
1.767758537963683
3.625234130141805
12.418461605279791
11.579508126664061
3.6988233919299374
4.372772827601318
1.5763852989893037
11.96766554001456
0.4042685216044103
6.697960693688679
2.9943355244311674
4.445359991311664
1.682026082985888
3.6173869470233164
7.230285745463359
6.116887180678097
6.020138165439902
10.616399332512787
9.650148228395045
1.1489358288414329
3.7164517937085955
2.257048386783077
7.945150012671711
3.4979155433621014
2.2342553310697593
7.081226451277271
14.616128978193872
4.067569546039992
7.500597812132379
4.318293281539701
3.033851685306646
3.3870165574423488
3.5930343362862924
2.4166330536566925
5.175583997090515
2.314302616650877
2.024860515399276
10.498153643189642
13.515159120645865
12.597464025171691
12.219606558211822
2.6910208870611245
5.212546956438978
11.520895857628544
2.6844761257431498
8.893176158251531
4.178478511713071
3.0179410584360173
3.914513234678746
4.233402249554515
5.233689894558252
9.361695210983658
10.0891031838839
3.415527953882945
2.3998712368785755
5.084371361596394
3.213675840955906
0.5555800780693156
6.831186691877632
4.944028165083487
3.3232768983595564
2.3140219770371204
5.256116054816106
5.398703795641969
7.8705033196878125
6.963109760947961
4.915002729751292
4.3272647367977815
3.6067328866645205
4.671197429583077
1.106381346276983
8.142909635566724
9.182994898736663
4.9897048963875275
4.914229312068415
3.6949322519607035
5.368138146114401
2.598311656230377
4.198723413576423
12.340783918353644
5.75648177089588
6.187598521768913
3.398389257023056
2.0216291454288404
6.078355745057896
3.2683519030969617
1.0216672795911095
5.04890691688384
6.776548688280233
4.586146472761394
0.7875060870199514
1.4844216486458184
6.474674364849792
0.937654955972594
2.543773213985327
5.641837334334782
1.8614628810212168
1.1282323894564343
7.474496238383377
1.8821094401877738
5.14861181454982
5.425759220189045
3.9189738678581065
3.5385370285878985
2.6506380211988896
11.018997820805216
6.722083747967545
7.471424772448811
7.225803965585674
0.7547660354029878
10.503833712445543
1.2949478686011575
7.9629296241572
3.0943421183690933
3.3985098665271427
3.028510191995367
0.862808775130863
3.1511057531522244
1.1536658885501514
4.801103703216136
7.569580244046354
12.452256701028185
3.8224600927521473
4.686164794547203
5.457581486410021
3.2680031369015783
6.471338666319706
5.015502506308122
6.039301474883509
13.534912771168768
2.944975366658497
0.5305881301899946
10.6851608939862
4.424022162894999
2.0000678132496983
7.9459392189127325
1.8326943632964896
10.781095326883113
10.950685815571733
2.5509863205764183
5.77132334250326
1.7198941282941516
3.694341974381122
2.636820974738283
5.163797153676342
2.6558094169922892
2.6866228361438873
11.900135871807445
11.087831758642452
5.230376680016799
2.578915871133652
4.900438599653172
2.8540959351006516
3.7493422923791733
5.050163044405187
2.9902657862416335
11.441682012718502
5.259073313574869
5.0029826906859585
3.168529684050641
3.8441466918932874
4.963354422689942
2.4566202824629184
5.858971669132832
4.161802041000044
1.566400458713788
1.6545010663118773
1.6957343963836335
4.935439068420581
9.196696334665152
1.4313561425152093
3.0656902978324707
3.4947793062714596
2.9950409937906093
5.097678361841099
11.320115489179226
7.591484611357359
11.272264436854753
8.338290203361373
2.6156798274183934
6.347496276270169
4.95266283675518
1.5058613059152381
6.591172126365781
1.4241274518051241
1.5882619749873277
5.474464277295032
6.120716214548468
2.702034821779115
5.296084836516797
4.128374901266848
2.0042335598611447
11.615967918476908
9.466950232623857
6.099867813045186
2.653845951023498
5.621289190311686
3.32233966042559
8.90082623960339
4.078337752085759
1.382909836685844
12.969300310242328
2.418870611829991
9.402439529667259
10.486047480959034
3.447017873583723
0.665252871626705
3.4994506909860075
2.8664998616276085
3.5327233123882458
4.955702140399217
4.928221766484873
7.690083030715705
3.953923700384965
1.5516959431348805
1.690407050031182
3.409804604531963
1.4395318715112224
8.460279333800163
3.9015733017988024
0.7297559077242931
2.6893221436643566
1.186951068253877
11.349831345607654
4.653651893973419
11.42778369939665
1.6002010707399035
4.79029457525912
6.232956483097547
10.518914549883464
6.352689650524789
2.5107049999429
8.638476505225576
5.90915588996005
7.549302467833075
4.152367764710513
9.761139514709066
7.1147374152043525
2.999842954666036
2.758482487404316
3.9266838131285464
3.0168319875463303
9.430906177039901
1.137718902885338
0.8547545615421892
9.278508922053696
2.322571222278787
5.580613266187643
1.5199263843546162
2.538793568973781
6.448098302143422
4.691721198968322
5.201462590448576
8.966337314570103
1.6238353893150614
7.920007389658776
1.5044443697996206
4.691051294758046
3.6709887126405207
1.0180105554216148
3.992947361691221
5.217124710075381
2.199420699219903
5.723936739092772
8.832437067771997
12.13985329681331
3.5775787179396503
1.9264283367332693
7.264428896971253
2.98744275948161
8.549529496255282
3.2943908110524562
4.217696161966979
1.6238530375674702
22.61371316308092
1.9912154402007864
2.471338124246047
3.945459889081907
5.670259606819111
6.279542482496531
6.6443210717536205
3.584178393799791
4.926007765676462
3.092838753007588
5.3380144230414865
10.778823124279478
3.803508342042195
5.016887074414081
4.614662082391179
4.96845359998266
8.601498415647102
2.0532531084454098
4.004260679679898
1.3387694376519839
1.3735566741408938
6.34843828068364
3.311632041254319
4.020390019142721
8.393216094624123
7.726072817808835
7.767645846219352
5.834408288109275
3.815460187042211
3.3870331937569236
2.6420587431111553
6.063628050200767
1.3782415932785372
3.4503354523968253
5.747744707286409
3.6900466944817465
5.5007039372581215
3.0226022254949685
5.636748559419996
1.7144963504985777
0.9907524710738176
4.5615172340968675
3.5786448463704508
3.9539625423647764
2.324286071300529
5.396760952450217
4.649809335168042
0.8625668929808624
4.897282945491597
2.463997942448475
1.5264856332922043
7.408786488600902
3.7054740499630165
3.064129387555476
8.325717770451318
8.674292467872544
1.3153732746974371
6.025937405678231
1.406725428184004
3.5480890876394686
4.189501773798436
6.165056493913603
4.8906866562557445
6.482697331589625
1.5335676269845646
2.6702548519809284
6.1395935484677135
3.109337615028256
10.683585314270035
6.316202602966366
5.951246600444131
4.273212875558753
5.895760362036488
9.091524785500011
5.525270661510304
1.2182966466085239
2.1651987099120684
4.322194856806752
2.008344629146817
1.4092209299696727
2.310658475544014
9.433604425075076
7.850648640593977
1.4242664519767612
3.9273581206226025
4.705620564222932
6.763411862338465
7.146141947105146
5.725247338959824
2.31310595371278
1.8992140873491743
5.971273369308445
3.132624048324311
3.2972957224121724
5.073898938287193
8.118272533673302
3.333278488717902
2.7015412186976433
4.31239570053491
4.140809840137234
3.818754084250841
3.2126539406081287
4.313938424991796
4.783673652206421
7.396223408466144
7.43518535251981
12.163911311403531
6.365345305305877
1.2076973989843527
1.108115093617686
0.6292841260309053
10.914356245922974
2.1152613898724884
1.647057979550671
6.242613471240602
4.473979138337071
13.477546758635995
7.631687891818359
1.8239772329809005
7.167590868714791
9.738940128364877
15.61017726072621
4.899836577294944
2.584672490822452
5.571521328629786
2.109188794259662
7.676815117090894
4.663061844060794
3.5816103691385193
6.343685280364178
3.9340004769614554
12.20744788381888
9.126127381884054
9.101595744842529
3.157361591278855
3.938622549560448
10.062895181235842
4.74976442312176
5.729349177884497
5.6668298367523
7.2190016216601745
2.187116310505378
6.1603084976012825
3.196494750881126
9.729195968598232
6.660463197661101
3.128972349296815
2.160034670737556
