0.15504535235702666
0.6001677290755844
0.2992691290398156
0.6436462264587619
0.14847512131433938
0.7727510985439769
0.7451317679159093
0.671478305199153
0.34597459568034106
0.8997771549061455
0.9199212710712699
0.6995934452356424
0.03776069581357033
0.35389463279314926
0.98040000223591
0.2024937250709693
0.6052232177297829
0.13309214128147273
0.771282922571949
0.21425561187455644
0.4435020743821503
0.4530751218429474
0.06465956501387105
0.3982318569975194
0.384928187226655
0.827281360821315
0.5674989132530331
0.843763852211743
0.08074667685016457
0.09150066939562096
0.7742057078571867
0.480021166533254
0.8148881745439864
0.2623899241155345
0.948237159854668
0.6712773838281456
0.9291728476103437
0.647896363777574
0.9435172663170721
0.8557956847894639
0.1424452987007735
0.8822086561756625
0.5203694442182606
0.8125407537999929
0.9711792880254735
0.43696680557742773
0.007871340580411501
0.5786765794763695
0.9982177770149937
0.9899706683642205
0.6673628083088985
0.1987218809738427
0.7602275317853407
0.28541872133152746
0.9159584437281391
0.5174083800286267
0.5474152735667493
0.9301462304219281
0.3815122766472202
0.9386043207716018
0.1475669526998299
0.9388013290369089
0.18344412483206018
0.6496631130537137
0.9965213309409136
0.2985832195469863
0.28234283869043864
0.2868771081308794
0.895498777461404
0.05176657981024757
0.5104692276271489
0.005521561605536629
0.23386003544776823
0.7994711304009484
0.5046694914200638
0.370368261958298
0.9126882510719619
0.1953518775610903
0.34256422174327295
0.5617849314449437
0.10789421227734375
0.5034646319987136
0.8968321432065781
0.8864347543758013
0.9608187489132779
0.5857246316984127
0.012626957791378346
0.031366635498996875
0.8398641748034472
0.30871709868972363
0.8000288054160039
0.4834996816265319
0.6757558818097934
0.7928805360187859
0.24673228526634972
0.5027045391609192
0.6383641300531918
0.3736760545698814
0.7122860588852259
0.8946508949698732
0.35937656416667196
0.11056404130725905
0.02991279620627474
0.2760180246747578
0.09450966219953771
0.509399712093184
0.6288451718725928
0.8472619846460038
0.4346442807463242
0.58321234040636
0.6651129276040563
0.014491835121369756
0.01095987384227537
0.6661749672813968
0.8352213572626812
0.29178947930630383
0.4016973591105807
0.5387021738358431
0.573123599847436
0.6514542870858508
0.9655251015222975
0.10260106905081712
0.7864232209324048
0.1723077797215422
0.8754066330780927
0.06075638975607467
0.9055770669182494
0.1649805149073026
0.8855969879597119
0.9619171759458238
0.6148808810693344
0.22131937750359587
0.3933773028801135
0.45128513175792084
0.5451449809082439
0.8165322684416546
0.6933624954586861
0.7368841569825508
0.44491872901507845
0.027371510692248524
0.76802044654678
0.3457247187487579
0.07619703857562476
0.37891778473924687
0.08955009662437385
0.5938304152367898
0.40938488656525285
0.6968135516616332
0.6080492965296547
0.8909645424963133
0.8164344432245378
0.8273502412880893
0.3751106757726965
0.24403293146039984
0.9962040454923423
0.8953789479899776
0.4730356715368891
0.8484686160624014
0.7266464183008278
0.037680925425932155
0.30499058211353636
0.7352209155267215
0.17922377421678126
0.6523639323807757
0.8361727274281817
0.40205763952095364
0.5436578425960555
0.018573309150657358
0.7849774826935569
0.34970325941759306
0.10306780796760628
0.8890540663678792
0.7324124770286445
0.516162391871102
0.8810937017902443
0.3780579576708255
0.3889255408370105
0.08967613112440276
0.42327698417042026
0.5129041361538055
0.6932688413698104
0.7605326835571452
0.568177333639367
0.868407984701253
0.14109163507389488
0.35262786751746344
0.7233218667886269
0.5345085136317254
0.13801511314197912
0.6990378109104123
0.09729431906967534
0.928560979521733
0.7673860895632754
0.8741489494011829
0.4419326120377334
0.09956519848088397
0.5512031139019066
0.5016027676251253
0.9672386258769987
0.45460765218103605
0.19990882074966188
0.4387521413180807
0.2956110371956351
0.26589674732923774
0.2748541278818847
0.4945800783149924
0.07870434965484563
0.8939733500651225
0.3596210634912692
0.5151148478615647
0.0672551135407119
0.13156053039877302
0.21832821192487484
0.6245552412291201
0.9657698573926219
0.2111822173397322
0.917882422360858
0.4703673118924435
0.8710749755475433
0.1574072078056249
0.7507535679097437
0.007038437463679714
0.8550598589019897
0.1282627015612109
0.5193196995589087
0.3510393053866584
0.1968930334759459
0.9988167725261151
0.7650221652463542
0.5252971803173583
0.47998326836925254
0.9763290432274956
0.3974385314575196
0.06969854313373036
0.05279043842609865
0.7175390351372117
0.673013277247907
0.1911630026028729
0.3279195781062608
0.8585608387366491
0.8907160233702935
0.24486303864514603
0.4033199858583749
0.13242234613593296
0.9888890719053858
0.12665933208125923
0.8561344442935365
0.9074674782776517
0.48949642027727436
0.25709742053298057
0.1211065637358053
0.24782973705182065
0.2745769570159472
0.4701867434029906
0.0436421466144713
0.16548602461009299
0.17020030151115118
0.8474836992314472
0.15457155413997103
0.9352233631588756
0.5935771535570018
0.9594302619525074
0.8863376643202967
0.0830015502921444
0.8077246679070653
0.24431415324463224
0.1560792657827461
0.43245261147714364
0.847062672935971
0.3915652372481996
0.41820356770839295
0.33776303059672463
0.25405914242196526
0.6292786250601875
0.22868537398098598
0.949918023168133
0.6132757259702358
0.6411345293471636
0.6343725761687845
0.3738525793731715
0.41290578318512294
0.8271786817101088
0.37883369158422087
0.39921637935128107
0.16930135644265965
0.2457137347184435
0.4311815947751729
0.8385636301075992
0.08164459891149933
0.9451634216418747
0.24994332286012766
0.34417043546827064
0.3406630339707877
0.08398621457396982
0.9426458514799798
0.17091366463852342
0.23721623061676322
0.6005104071619605
0.18979356524695534
0.5585289625228598
0.5056041910001039
0.4755226239338416
0.8418363273101168
0.08633130445344694
0.7465314464327558
0.06592463370108292
0.8481139222993547
0.8266284803311729
0.10762332884247916
0.47601166554253094
0.3521751608098471
0.3691595267856076
0.9147448071013178
0.6204148769673024
0.8261187822485216
0.28701475587260517
0.11408566937190723
0.39147556186844323
0.62416543435049
0.698685890263953
0.8508176531860911
0.17280205111675073
0.6447419969137157
0.7766514552526312
0.025073508726626836
0.34308064693619544
0.9703648194892205
0.7240855414551725
0.5373333147459323
0.5343583697466178
0.3159200694819716
0.8673183059270656
0.2143747846169114
0.8717722547244341
0.7450355901880844
0.8760555990582052
0.6379818115502419
0.5997464090140171
0.47453237647856816
0.7797919360539171
0.7329621625133974
0.2913956923342993
0.7602479862672136
0.11748902140725115
0.16160395486582857
0.5235509200152965
0.05000424474009246
0.5215837811793415
0.4806092217595691
0.9526214608106908
0.434493466959894
0.668650471202922
0.6672748438395658
0.20795491375905306
0.736789801287215
0.2512710183525253
0.8972039486611006
0.39387464635042013
0.6764939169185585
0.6253210171735407
0.7506624282240811
0.5819479900941354
0.4766145869579991
0.9913804569100113
0.2390889866609146
0.27453471514020866
0.38817402460107175
0.9633379109131817
0.304071529998169
0.6158721576456659
0.9324305766154924
0.19223845914312632
0.460626357923797
0.9458979714112602
0.9554497494766885
0.0938857802015125
0.10974833369706916
0.7933918488748797
0.4620762768773482
0.26331845014565414
0.8747078035639388
0.9529225886573406
0.2638601072595278
0.2924480651227628
0.4511847360272052
0.8365156978278822
0.09219343036508743
0.2915705400024132
0.4615022099557674
0.612499696316451
0.7398016421195915
0.2867837606417757
0.49121701974619447
0.5406381953478123
0.017050498006167425
0.4252061794515083
0.8869879620953423
0.36499947805806654
0.4249658814417381
0.04355673075724631
0.17220711986098858
0.5472254828915203
0.3865894014654412
0.8659124183927549
0.22539203985895162
0.031095350345812456
0.08266272004190944
0.4551712875718328
0.9818057217360447
0.14939994223594355
0.04368860688739262
0.8113088384866213
0.4340872917969941
0.5626034492551862
0.6361643330771125
0.29039457756746534
0.7357301695622583
0.4975132345652863
0.6073603628791451
0.6929966394487987
0.30708006104286156
0.6264883724793595
0.5407012886197495
0.3337003742238043
0.7691868049347017
0.2815594250742165
0.36527951605300946
0.37006041690852076
0.19740833781326228
0.1280970037441561
0.25136839976319625
0.937814760750487
0.512385394067917
0.165531122493643
0.9765074954640741
0.4556739920649653
0.7427148663202537
0.8006146908479322
0.6878595998794315
0.8906987939234922
0.6568379823396409
0.7001810963725027
0.28160428574822405
0.29121203415079655
0.2635442568346299
0.08992975585537077
0.4560280955253537
0.8347218119201167
0.6131181504747069
0.6237726621777073
0.8336858132606678
0.7724244170805269
0.9976527057200255
0.6659521359295776
0.6999004469871399
0.7745523911774004
0.03921523248586123
0.8654854129360409
0.296624160120336
0.562630840632701
0.5982480876891684
0.6641760569228032
0.8690460056376379
0.278885599861875
0.7976661002688681
0.8845683794349292
0.34120243865004196
0.8229378437757177
0.21764271521881018
0.684433119392218
0.1866801468088386
0.5103209891399436
0.3995192512605956
0.3014210133273513
0.7575728797661774
0.6907519025747438
0.6082519824611204
0.3404246399617018
0.6187056530220341
0.20171948093338332
0.5441351254436088
0.0064457921353092695
0.4709336122114617
0.960706787888369
0.06164664715631507
0.6510950402943717
0.675217435114455
0.04061629725599625
0.566892417530003
0.3078302269732085
0.7254797773487212
0.022834015281451236
0.29562090548331976
0.31400544385319973
0.48492322022661316
0.8754848515409686
0.028132542708661945
0.12176656124059893
0.6383637492850885
0.3776063583625118
0.7696843025547959
0.5770171976020423
0.9438017328742097
0.24238641205871825
0.9789060300466059
0.04981016706536334
0.6546496862064027
0.14138069645076878
0.753628063519324
0.26149936303752697
0.420184012320025
0.6218419301499533
0.8158378976758025
0.3935538931826337
0.012133170064292265
0.2761107341815664
0.38515446034890666
0.1240547034169246
0.9051781806546759
0.018713775116653952
0.9989244981834428
0.4028109646041915
0.46488425180763393
0.17070957753718308
0.6457390465247786
0.6822906928223241
0.6328419089774209
0.6678768341869367
0.992318527893958
0.5884074117399781
0.5850475186789286
0.4196654971694591
0.7428595623365545
0.8244031025516001
0.055962433505994835
0.9978300919008233
0.4702989619326575
0.5442828816649949
0.7801600131654035
0.8025934555805824
0.46661252613730486
0.5643563728788772
0.675153671730887
0.13709453042034425
0.547813639138215
0.5079359845243501
0.9384253479475594
0.10035484617142676
0.21532303724744728
0.0663647508990014
0.4729043803428403
0.12177470081185571
0.8247601400482789
0.20510924366057648
0.6281204938289837
0.7118474676326684
0.608737184547705
0.07117005821563083
0.2302385729610552
0.4706690263978489
0.14804524367012128
0.8932638773639779
0.4860303747062298
0.6191531157653251
0.9301616347990447
0.8553495955707502
0.05168235147205791
0.2714792670966667
0.016888252650093527
0.4364772005775882
0.9377647241684036
0.9954708454991487
0.7782034457246207
0.45936452544837814
0.9137390957505647
0.922920273236902
0.5862281682663709
0.0474338059474837
0.370355492863952
0.4867224690671109
0.14554635487624257
0.520632205260371
0.4449733643367668
0.9281689254355514
0.999511488724923
0.3727637927089732
0.9407629311126111
0.13014871313357934
0.12285667382141263
0.34868698925461494
0.15124850702641768
0.44797217181783433
0.6258280412474206
0.7989776168193395
0.774835317747915
0.16603924783916646
0.3789425100827647
0.666956969467447
0.5640068142467731
0.9981243965667909
0.8397182111919971
0.005905366234610021
0.1888258053038927
0.9095252197121018
0.18180358792980933
0.44407247793755944
0.9817826467786601
0.12664872371600278
0.9733249511622906
0.8000064994713506
0.9280994718459573
0.4178739194685047
0.3561621902884188
0.7508292355901837
0.2659230727177788
0.35874813986633614
0.33819919100044793
0.6432816311120945
0.30065981834657696
0.7372079847298002
0.19906064284596026
0.929611568293944
0.17873645907936697
0.944547833280589
0.23565486286798132
0.49238197623960944
0.847118702691343
0.838690432298952
0.41102363835210365
0.7898377929821665
0.5626583121938382
0.25214340253887624
0.2667341942932471
0.22862755742763785
0.9693315738589713
0.3423053262429233
0.784287271058718
0.29540186425685555
0.41084604637078526
0.770867916157603
0.9572796002118342
0.1507947264666456
0.28230718270097166
0.9337175486369181
0.2925747615096502
0.1901504586609939
0.18284199539522505
0.6927458521465664
0.9331043955853796
0.6686861367834301
0.07102627909828174
0.42181385517290626
0.2982859866597948
0.15777051899319017
0.6748938108372721
0.1611205428943665
0.4066700833013388
0.18437295426766842
0.5075011671008595
0.4343118216031563
0.049625648955908375
0.38511351894461776
0.4704757410770235
0.18191793287350444
0.6311886404943512
0.6268225124301483
0.10141071916560729
0.21694013254754052
0.7919132491791041
0.6219479064924472
0.6560591269256884
0.6249771563538051
0.6398960656125039
0.665805505107373
0.34189112723331305
0.9421100476298481
0.9477134028479227
0.24758718288113712
0.29650994530165486
0.05141488031972463
0.5577673317243136
0.7176986057396517
0.5135399960864137
0.8218737482602004
0.40462266366648714
0.7544238690402174
0.3299395822230562
0.2673293104042953
0.2522760285529265
0.9881706233883627
0.4822640594936928
0.6399163677491267
0.6527048464847196
0.9175325188171765
0.4555835067625147
0.4440326896016219
0.8559196633124482
0.02713110340436664
0.7826290559378356
0.12258300700218827
0.08399610009588698
0.5978982782620149
0.5233884153006292
0.3776270263703624
0.5974501738558472
0.4912030265013283
0.1642447664423783
0.14703528034200863
0.22053522167882633
0.9638443527951953
0.5396431635916776
0.8116755936576487
0.9867844547012571
0.1496132359429001
0.47439941686595144
0.456575536619682
0.9205798432801092
0.8275527648671213
0.2665125358436927
0.24495645287310142
0.7859202037436295
0.4640259690729709
0.7854489251393318
0.624601034220474
0.13619129885458192
0.7312854229921143
0.613707779980245
0.1194890510510177
0.7773266328579342
0.5951516982839176
0.498543745510899
0.5538272902951167
0.642496256946711
0.09329373704180766
0.1405932142893772
0.31948391879061877
0.6250329506602218
0.8568515575356653
0.5315386352818102
0.17120086625588316
0.44574202359663984
0.7204210008019911
0.7920675096358236
0.8607771901406189
0.023702205850897218
0.004266961060001129
0.543157080275635
0.7044856256139336
0.1999766359417462
0.4733286368199924
0.9456312525204067
0.019024466141289165
0.5245256564289096
0.7226379950440615
0.49369829443712954
0.49055099263336044
0.7827759865155409
0.0579856709402804
0.23020507521662603
0.969533052086047
0.16856304071239936
0.8397279081204436
0.4448520430169013
0.33825882255081186
0.5364876260850828
0.5553346867214856
0.971896877704414
0.4637186363077189
0.9859695010461674
0.9752329676424564
0.022567294118490344
0.6974541858544042
0.5076222542926457
0.0023877188351695278
0.10184568672918226
0.013270505327168669
0.07581978522304023
0.4805984590309679
0.6213933352912729
0.864469295329496
0.7932911116344326
0.01689386387964098
0.3171404230472882
0.4541272758549947
0.29146054110758157
0.934286966994658
0.8767275872056364
0.45179928249261614
0.997187844847639
0.2756677290694274
0.6975373678129236
0.0589780619422926
0.5326071257059684
0.6786438065947383
0.48628224956320776
0.9464061170781964
0.7754606925394426
0.29810281600060107
0.4948397475984435
0.4128854952353104
0.8129437763571936
0.04730658602537374
0.591272983920856
0.4798882299442152
0.4676341157974532
0.19754063644547593
0.19483917720257082
0.8866549230977104
0.6199575755003023
0.7443467636702017
0.8261801521822336
0.9145670138890837
0.8713420602950864
0.7999132796786855
0.40253728879547424
0.08123040477248145
0.03711443229824363
0.9522752044024138
0.8263073356681778
0.6361686170560955
0.6511545939964128
0.4350060232162445
0.8883997837288448
0.0852232128321807
0.17200597869981538
0.3975675686752632
0.47580870553615917
0.19282271500957793
0.15938926470774517
0.34372064263449953
0.23782790736443216
0.3117124050314324
0.13827152073162507
0.9207264431696168
0.11134697361782941
0.82282639892067
0.10372066662125268
0.6395611288041915
0.9825535304812394
0.8194011202579284
0.02220955509343947
0.5853897248408152
0.24365343142361384
0.6582380622160737
0.9634257989467155
0.4139525947528676
0.9383850692235309
0.6651312809602387
0.33075347181990444
0.52807168779881
0.2867777410990807
0.7424895364713551
0.261513595037269
0.7717819560849576
0.7178808643757417
0.7591523573962883
0.9856826758723859
0.8089832037688856
0.10062415683287185
0.8010051013042015
0.6260172873372857
0.9515058598796572
0.2864600052046272
0.4964045432696146
0.9465677031494507
0.9090037481157232
0.9541334938363063
0.8243206937039222
0.6290417146417254
0.4737920666187435
0.7075681298152438
0.2003637414560051
0.15711477866739143
0.1623510686835613
0.6575836447737087
0.19743630161974202
0.1954414780698306
0.38007451483929156
0.3289937054423753
0.925331399680034
0.12924757158833544
0.8331393875257098
0.41172130737512636
0.7444354432419752
0.8609650546888071
0.1753387119720392
0.891064701034301
0.9575901050424833
0.43011557298576897
0.47725217702130296
0.7970094770945141
0.5938384130638816
0.1969370805621019
0.7156710810266939
0.9143784184971522
0.8307016460492759
0.6183852964369034
0.5898648248455672
0.4747170384945911
0.5450413014596579
0.9102051827735638
0.11670589296033751
0.8020537776192731
0.3869165126747145
0.3550786276743314
0.6285458827679801
0.982848985826157
0.1615867284267396
0.6393713293516352
0.8112966063451962
0.8719101741385952
0.2901402351764022
0.29296964544765736
0.7855622980071961
0.4049954877222842
0.20502537857334524
0.5442910456123595
0.8657951670694124
0.6505492019458599
0.9090750010279677
0.17202179847637644
0.4233873637569706
0.20608242775019214
0.6319469567763966
0.7230163264748565
0.11157836217215267
0.3442609092155672
0.0037646987655313158
0.48453885655884044
0.9928156252598482
0.037026414614126146
0.504118200980714
0.7335658866982396
0.2597453257445117
0.8316684383759319
0.3056908248431034
0.9762863427953347
0.9858763694363183
0.45405905878836594
0.2705366972713631
0.781125111208439
0.7297911554523264
0.07907676973819955
0.009714856794087678
0.1896076978602761
0.0604484457432336
0.08617872091640122
0.39076942020704375
0.6209467960565347
0.6931170537546674
0.17321547286898453
0.6661336058356438
0.8418607068047498
0.10729706621341528
0.549186856000392
0.045169881110676546
0.2580257101485478
0.23429071160986148
0.8514509586551704
0.42861162730569446
0.37601718178619625
0.7741686310801866
0.5674291450145004
0.39673414494872083
0.8669617757635643
0.9993609610074511
0.08314855648745834
0.2637913150279746
0.9515312999816486
0.8526974246975335
0.6864474964000647
0.40054357658097406
0.6844501434741204
0.0724117444448964
0.6762353541118589
0.6299430124462636
0.4833476541564179
0.3868182853841273
0.7310210708693837
0.9810530650336208
0.6055358629847453
0.7647723669054484
0.20730881557559278
0.3717520385569101
0.7695717567597822
0.45663399163485774
0.4578470779877488
0.8936837886193633
0.2796312969462704
0.23390678727523662
0.24540988461602475
0.7598864922871416
0.3512610285089873
0.038942395733603696
0.05400318866576992
0.2483159604586408
0.8942567686292995
0.7020277896600994
0.0026563926307753283
0.1597861285564519
